580
-972785982 1
-945070816 1
-936357074 1
-910478397 1
-853459523 1
-839090677 1
-839041103 1
-838735088 1
-755468290 1
-748922820 1
-337906755 1
-74633733 1
0 1
2066 1
2327 1
2390 1
2431 1
2473 1
2482 1
2747 1
2892 1
3179 1
3415 1
3505 1
3564 1
5743 1
5906 1
6179 1
6318 1
6437 1
6512 1
6513 1
6669 1
6669 1
6792 1
6866 1
7140 1
7338 1
7383 1
7392 1
7586 1
7646 1
7795 1
7798 1
8041 1
8140 1
8156 1
8791 1
8854 1
8901 1
9064 1
9269 1
9496 1
9610 1
9782 1
9912 1
10297 1
10298 1
10381 1
10541 1
10849 1
12220 1
12597 1
12727 1
12786 1
12831 1
12874 1
12913 1
13041 1
13287 1
13410 1
13487 1
13727 1
13938 1
14087 1
15113 1
15272 1
15307 1
15313 1
15414 1
16404 1
16530 1
16911 1
16918 1
17282 1
17529 1
17794 1
18367 1
18550 1
18722 1
21869 1
22443 1
22496 1
22755 1
22778 1
22785 1
22993 1
23333 1
23420 1
23979 1
23990 1
24229 1
24370 1
24675 1
25581 1
25902 1
27257 1
27732 1
27835 1
27998 1
28832 1
29092 1
29128 1
29289 1
29397 1
29481 1
29510 1
29629 1
29988 1
30059 1
30500 1
30674 1
30838 1
31110 1
31128 1
31138 1
31199 1
31806 1
32159 1
32200 1
32479 1
32495 1
32546 1
32789 1
32914 1
32934 1
33003 1
33118 1
33179 1
33356 1
33519 1
33869 1
33898 1
34051 1
34554 1
34618 1
34676 1
35333 1
35339 1
35686 1
35714 1
35760 1
36164 1
36360 1
36693 1
36901 1
37365 1
37400 1
37454 1
38188 1
39488 1
39984 1
40163 1
40810 1
42798 1
42977 1
43052 1
45065 1
45804 1
45944 1
46536 1
46655 1
46881 1
47003 1
47015 1
47481 1
47580 1
47988 1
48014 1
48110 1
48163 1
48219 1
48505 1
48583 1
49199 1
49402 1
49624 1
49984 1
49988 1
50268 1
50904 1
51075 1
51209 1
51368 1
53405 1
53857 1
54538 1
54910 1
56428 1
57991 1
58226 1
59836 1
59940 1
61096 1
61752 1
63347 1
64547 1
64897 1
65425 1
66550 1
66914 1
76696 1
82688 1
83356 1
85601 1
87095 1
90450 1
95908 1
96086 1
97409 1
97971 1
98053 1
98068 1
98827 1
99065 1
109616 1
110036 1
116581 1
117283 1
118449 1
121237 1
122016 1
122171 1
125344 1
126170 1
126539 1
130996 1
132348 1
133452 1
133616 1
133687 1
137730 1
151839 1
152689 1
154223 1
157301 1
158448 1
184208 1
192723 1
203513 1
204773 1
218512 1
223785 1
224063 1
227808 1
229208 1
234318 1
234576 1
235764 1
236803 1
238545 1
241577 1
243891 1
264474 1
270303 1
289895 1
298872 1
307992 1
319725 1
328668 1
332062 1
334468 1
342511 1
348487 1
365045 1
379281 1
389036 1
395518 1
415032 1
429047 1
430809 1
440278 1
447063 1
459294 1
464547 1
501338 1
531383 1
535681 1
548575 1
624958 1
633780 1
635521 1
639594 1
652113 1
652602 1
662497 1
664596 1
664877 1
665555 1
675633 1
764564 1
780701 1
798081 1
818313 1
827328 1
905293 1
905556 1
918864 1
962997 1
996624 1
1083488 1
1095558 1
1099527 1
1124520 1
1151137 1
1159075 1
1249770 1
1252650 1
1256647 1
1270714 1
1308709 1
1309239 1
1347047 1
1434149 1
1476506 1
1525900 1
1571577 1
1583969 1
1610194 1
1612271 1
1614688 1
1664453 1
1769660 1
1778826 1
1905221 1
1947448 1
2029201 1
2058975 1
2121893 1
2158337 1
2193023 1
2206455 1
2345260 1
2360741 1
2435538 1
2656167 1
2661660 1
2696361 1
2703505 1
2711575 1
2733198 1
2740955 1
2874453 1
2917695 1
3097212 1
3184081 1
3214092 1
3244139 1
3532044 1
3574256 1
3580051 1
3592798 1
3665688 1
3732440 1
3752603 1
3976161 1
4063218 1
4253808 1
4400981 1
4442810 1
4448103 1
4499787 1
4562146 1
4566162 1
4622497 1
4671016 1
4794775 1
4813541 1
4847013 1
5383419 1
5662070 1
5735204 1
5746813 1
5917032 1
6247164 1
6496955 1
6630267 1
6671226 1
6732528 1
6842930 1
6868831 1
7095224 1
7095969 1
7392980 1
7655193 1
7779979 1
7925009 1
8078843 1
8131980 1
8162299 1
8282989 1
8310558 1
8522647 1
8555940 1
9020512 1
9040565 1
9336573 1
9434796 1
10010948 1
10220270 1
10605894 1
10980380 1
11208829 1
11297419 1
11871307 1
11927404 1
12258239 1
12277447 1
12350484 1
12365439 1
12413026 1
12463218 1
12580489 1
13074989 1
13089618 1
13280518 1
13484821 1
13796903 1
13969964 1
14218445 1
14819686 1
15346683 1
15362261 1
15426646 1
15642137 1
15737284 1
15826115 1
16238223 1
16252757 1
16325074 1
16560131 1
16641621 1
17376160 1
17402647 1
17699495 1
17780056 1
18448262 1
18619948 1
18650839 1
18999902 1
19084271 1
19109522 1
19685201 1
19947168 1
20806547 1
21244307 1
21748878 1
22808407 1
22847745 1
23018792 1
23782604 1
23853362 1
23938884 1
23969083 1
23986657 1
25359582 1
25457748 1
25582319 1
25765790 1
25818847 1
25931515 1
26087845 1
26315083 1
27084941 1
27759457 1
28214236 1
28832355 1
29772508 1
30156004 1
30674099 1
31050237 1
31082278 1
31562736 1
31689198 1
31866010 1
31947541 1
32015142 1
32031977 1
32068370 1
32294372 1
32510614 1
32804164 1
32907690 1
34229105 1
34640873 1
35524786 1
35659706 1
35934244 1
35964741 1
36506131 1
37001949 1
37040647 1
37923341 1
38358222 1
38405293 1
38634829 1
38835753 1
38902018 1
39510298 1
39821861 1
41453764 1
44160563 1
45062963 1
45695073 1
46256611 1
50277749 1
50432131 1
51032524 1
51735881 1
52963256 1
55436009 1
57420572 1
57690407 1
58445293 1
59616289 1
60365822 1
60384899 1
60709770 1
61568327 1
62648650 1
63501120 1
63507587 1
63700808 1
64841050 1
65426194 1
66497082 1
68018440 1
68787254 1
70385452 1
71088792 1
71696964 1
74518039 1
77702704 1
79425366 1
79807414 1
83299148 1
85167335 1
85229702 1
86736137 1
89374864 1
89800426 1
95549095 1
96007295 1
100137634 1
100372144 1
102494589 1
102500570 1
107778740 1
113765935 1
116847133 1
117909886 1
119554247 1
120410916 1
123813802 1
125769137 1
126464228 1
127999008 1
133995664 1
134305504 1
134812430 1
135301735 1
141230799 1
143316333 1
151918755 1
159166902 1
161813877 1
174191504 1
244201958 1
246692709 1
601546956 1
