257
42 1
54 15
60 1
64 2
66 2
67 1
68 1
69 1
70 3
71 18
72 1
73 1
74 2
75 5
75 1
76 3
77 1
78 1
79 1
80 1
81 4
83 1
84 2
86 1
88 1
89 1
92 4
96 4
100 1
102 1
103 1
105 1
123 1
126 1
130 1
131 1
137 1
144 1
147 1
155 1
156 1
160 1
173 1
176 1
180 1
185 1
187 1
188 9
191 1
195 1
204 2
210 1
216 1
219 1
230 1
234 1
238 2
240 1
243 2
249 11
252 2
253 2
255 3
256 2
257 1
258 1
259 1
261 1
262 2
265 1
266 1412
267 1
270 1
274 1
275 5
277 2
284 1
285 1
289 1
291 1
299 1
304 1
306 1
312 5
315 352
316 2
317 70
322 4
324 1
326 1
336 1
338 1
340 1
341 1
343 3
344 1
347 4
354 15
355 9
360 1
367 1
368 2
369 93
370 50
373 1
374 1
375 9
378 1
380 1
381 1
386 1
387 1
391 3
392 1
400 1
400 1
402 11
403 1
404 1
407 1
409 1
410 1
419 1
427 1
433 1
434 1
438 1
440 3
445 1
454 6
455 1
458 2
463 1
471 1
472 1
481 1
483 1
488 1
489 1
492 1
493 4
495 1
501 1
502 1
512 1
520 1
529 1
551 2
553 1
554 2
562 2
571 3
583 2
602 1
604 1
611 1
617 1
618 1
619 9
632 1
641 1
669 1
685 1
688 1
694 1
697 1
699 1
700 1
701 1
706 5
712 3
723 1
740 1
749 1
759 1
760 1
763 1
767 2
768 1
769 1
774 1
775 1
777 1
778 1
779 1
780 1
781 1
783 1
784 1
791 1
801 1
805 1
809 1
813 1
838 1
847 1
852 1
870 1
875 2
877 1
888 1
889 1
929 1
939 3
948 2
965 1
972 1
1003 1
1006 2
1014 1
1017 1
1030 2
1044 2
1048 1
1055 1
1060 1
1076 1
1080 1
1087 6
1091 2
1095 1
1128 2
1129 3
1135 1
1145 1
1167 1
1173 2
1178 5
1180 2
1203 3
1210 1
1230 1
1245 1
1249 1
1263 1
1278 1
1279 1
1304 1
1322 1
1324 1
1331 1
1346 1
1356 4
1357 1
1392 2
1398 1
1405 1
1418 2
1422 7
1444 1
1446 1
1452 1
1453 1
1464 4
1484 24
1506 1
1514 19
