195
0 4115049
1 1
1 2
1 2
1 1
1 1
1 1
1 1
1 1
1 1
1 1
1 2
1 1
1 2
1 1
1 1
1 2
1 1
1 1
1 2
1 1
1 2
1 2
1 2
1 1
1 1
1 1
1 1
1 1
1 1
1 1
1 1
1 1
1 1
1 1
1 2
1 1
1 1
1 2
1 1
1 1
1 2
1 2
1 2
1 1
1 1
1 1
1 1
1 2
1 1
1 1
1 1
1 1
1 1
1 1
1 1
1 1
2 1
2 1
2 2
2 1
2 1
2 1
2 1
2 1
2 1
2 1
2 1
2 1
3 1
3 1
3 1
5 1
6 1
31 1
31 1
32 1
38 1
40 1
40 1
42 1
43 1
44 1
46 1
48 1
51 1
52 1
53 1
53 1
54 1
55 1
59 1
59 1
60 1
61 1
63 1
63 1
70 1
74 1
75 1
76 1
78 1
78 1
81 1
84 1
91 1
95 1
110 1
113 1
120 1
136 1
155 1
160 1
162 1
219 1
263 1
349 1
697 1
726 1
765 1
766 2
774 1
778 1
778 1
779 1
779 1
780 1
787 2
792 1
797 1
802 3
804 1
810 1
814 1
832 1
832 1
841 1
859 1
873 1
876 1
891 1
940 1
968 1
987 1
1011 1
1012 1
1057 1
1061 1
1087 1
1230 1
1245 1
1249 1
1306 1
1334 1
1409 1
1483 1
1519 2
1594 1
1605 1
1616 1
1769 1
2032 1
2187 1
2220 1
2400 1
2705 1
2840 1
3032 1
3105 1
3593 1
3659 1
5364 1
7914 1
8222 1
8888 1
9147 1
10618 1
11820 1
13393 1
14095 1
14240 1
17338 1
31779 1
32986 1
34699 1
36241 1
38077 1
38929 1
70638 1
71233 1
71729 1
295751 1
421743 1
2048899 2
4114855 1
