63
0 1
47 1
51 1
52 1
56 1
71 1
69498 1
71149 1
200107 1
200115 1
200137 1
200154 1
200347 1
230333 1
235625 1
314120 1
435063 1
749337 1
749508 1
749637 1
749773 1
750053 1
750076 1
750195 1
750632 1
750821 1
757193 1
929858 1
930766 1
1000135 1
1000225 1
1000353 1
1000362 1
1000528 1
1000617 1
1001180 1
1001810 1
1003740 1
1013152 1
1929278 1
3200576 1
3284394 1
4000534 1
6555000 1
7222760 1
7233486 1
7599696 1
8000691 1
8400615 1
10821451 1
12916378 1
16777891 1
18265113 1
18649280 1
19123015 1
20910851 1
25811197 1
26266215 1
28715504 1
31720380 1
34883697 1
46459107 1
47170179 1
