62
-1246112097 1520
-1246112097 12
-833737070 7
-123856470 120
3626239 15
3626240 11
3626241 25
39808137 13
39812959 62
39813090 27
39866817 7
40227043 31
40231902 2
40231903 24
41738750 140
41738755 40
41738797 12
41740966 24
41743693 9
42108344 1114
42113210 18
42113220 8
42158519 14
42159032 14
42164011 34
42258470 16
356136917 48
360462724 10
360467078 9
360467593 1
360467594 10
360502219 11
361324504 8
361439858 38
361912589 1
361933339 9
361933340 8
361933342 7
361938177 11
361938183 8
361938200 8
362255610 56
362279708 18
362279753 8
363165794 7
363166310 14
363166310 63
363322629 18
363555989 8
363556006 34
363560848 12
363560886 7
363560991 25
364551174 21
364551175 18
364555974 10
364555992 33
364555998 52
364556031 8
364556063 32
364556078 45
364556095 9
