66
-1611258357 4
-1246112097 9
-728124626 61
-728124626 48
-123856470 14
3626239 78
3626240 28
3626241 9
39808137 8
39812959 19
39813090 27
39866817 20
40227043 10
40231902 10
40231903 43
41738750 6
41738755 50
41738797 11
41740966 25
41743693 8
42108344 260
42113210 60
42113220 2
42158519 21
42159032 12
42164011 15
42258470 12
356136917 54
360462724 14
360467078 12
360467593 1
360467594 8
360502219 10
361324504 9
361439858 12
361912589 1
361933339 21
361933340 9
361933342 8
361938177 89
361938183 8
361938200 25
362255610 7
362279708 18
362279753 8
363165794 21
363165794 14
363165794 2455
363166310 14
363171328 8
363322629 18
363555989 8
363556006 27
363560848 37
363560886 35
363560991 1
363873788 17
364551174 1
364551175 18
364555974 27
364555992 8
364555998 55
364556031 7
364556063 12
364556078 27
364556095 10
