316
42 21
42 1
54 2
58 11
59 1
60 2
62 2
64 4
66 5
67 1
68 1
69 4
70 2
71 2
72 2
73 4
74 1
75 1
76 7
77 9
78 1027
79 298
79 1
80 41
80 1
81 1
82 1
83 1
84 2
85 3
88 2
89 5
90 3
91 1
92 8
93 3
94 1
96 4
99 2
100 1
103 1
104 1
105 1
110 2
115 1
117 2
119 1
121 3
123 1
124 1
130 1
132 1
135 1
139 2
140 1
141 1
143 1
146 1
147 1
148 2
149 1
153 3
158 1
163 3
164 1
167 2
171 6
177 1
178 1
179 1
180 59
181 4
184 3
195 2
196 1
209 4
210 1
211 2
213 1
218 2
221 1
222 6
225 2
230 1
232 2
238 1
239 1
240 2
243 1
248 1
249 1
250 1
251 1
252 2
253 1
254 10
255 8
256 3
257 8
258 4
259 1
260 2
261 17
262 1
263 7
264 4
265 1
266 1
267 1
268 1
269 2
271 8
272 1
273 1
274 1
275 2
277 1
280 11
284 1
285 1
286 1
288 1
289 1
290 2
291 1
293 1
296 21
300 1
301 1
304 1
306 1
307 2
308 1
310 1
312 71
313 2
318 1
319 3
320 1
322 1
324 6
328 1
330 1
333 6
336 6
339 8
341 1
342 2
343 7
344 1
352 1
355 1
356 2
358 6
361 28
362 8
363 2
365 1
367 2
370 1
373 1
374 1
375 1
377 2
379 1
381 5
382 34
383 1
385 2
386 1
389 1
392 1
394 3
396 1
397 1
400 5
404 1
406 12
409 5
410 1
411 10
416 1
417 2
418 1
419 3
422 2
428 1
429 1
432 19
439 1
441 4
445 1
451 8
463 1
468 1
469 1
470 1
471 2
477 1
480 1
481 1
484 1
485 1
492 1
493 1
496 1
513 1
515 5
518 1
524 1
534 7
539 2
551 10
553 1
554 2
560 3
561 1
564 1
566 1
571 1
574 1
583 1
587 5
588 1
608 1
612 1
613 1
619 1
622 16
633 1
663 1
674 1
676 2
677 3
683 1
688 1
694 5
699 2
704 1
705 1
717 1
730 1
734 1
740 1
743 2
747 1
756 1
760 2
764 13
770 13
777 1
779 1
786 2
791 2
801 14
802 1
803 8
827 1
847 2
863 1
865 1
891 1
902 1
909 1
920 2
922 1
925 1
974 99
983 1
984 3
997 2
1026 9
1034 4
1038 4
1045 1
1049 2
1053 1
1079 2
1084 1
1092 1
1105 1
1116 1
1143 1
1148 1
1160 9
1185 1
1212 2
1217 2
1229 5
1245 6
1246 3
1283 1445
1330 82
1368 1
1382 1
1384 1
1394 1
1398 6
1399 3
1414 1
1416 23
1424 1
1425 1
1434 1
1438 1
1440 1
1444 1
1453 1
1464 4
1465 1
1469 1
1474 1
1484 8
1490 3
1502 1
1514 1
