838
0 10497841692
1 1
1 1
1 1
1 2
1 1
1 1
1 1
1 1
1 1
1 1
1 2
1 2
1 1
1 1
1 1
1 1
1 1
1 1
1 1
1 1
1 1
1 1
1 1
1 1
1 1
1 1
1 2
1 1
1 1
1 1
1 1
1 1
1 1
1 2
1 1
1 1
1 1
1 1
1 2
1 1
1 1
1 1
1 1
1 1
1 1
1 1
1 1
1 1
1 1
1 1
1 1
1 1
1 1
1 1
1 1
1 1
1 1
1 1
1 1
1 1
1 1
1 1
1 1
1 1
1 1
1 2
1 1
1 1
1 1
1 1
1 1
1 1
1 1
1 1
1 2
1 2
1 1
1 1
1 1
1 1
1 1
1 1
1 3
1 1
1 1
1 1
1 1
1 1
1 1
1 2
1 1
1 1
1 1
1 2
1 2
1 3
1 1
1 1
1 1
1 1
1 1
1 1
1 1
1 2
1 1
1 2
1 1
1 2
1 1
1 2
1 2
1 1
1 2
1 1
1 3
1 2
2 1
2 1
2 3
2 2
2 2
2 1
2 1
2 1
2 1
2 1
2 1
2 1
2 1
2 2
2 1
2 1
2 1
2 1
2 1
2 1
2 1
2 1
2 1
2 1
2 1
2 2
2 1
2 1
2 2
2 1
2 1
2 1
2 1
2 1
2 1
2 2
2 1
3 1
3 1
3 1
3 1
3 3
3 1
3 1
3 1
3 1
3 1
3 1
3 1
3 1
3 1
3 1
4 2
4 1
4 1
4 1
4 1
4 1
5 1
6 1
6 1
6 1
6 1
6 1
7 1
7 1
7 1
8 1
8 1
10 1
11 1
11 1
12 1
12 1
12 1
13 1
13 1
14 1
15 1
15 1
16 1
16 1
17 1
17 1
19 1
24 1
25 1
28 1
28 1
28 1
29 1
30 1
30 1
30 1
30 1
30 1
31 1
31 1
31 1
32 1
32 1
32 1
32 1
32 1
32 1
32 1
33 1
33 1
33 1
33 1
33 1
33 1
34 1
34 1
34 1
35 1
35 1
35 1
36 1
36 1
37 1
37 1
37 1
38 1
38 1
40 1
40 1
41 1
41 1
41 1
42 1
43 1
44 1
45 1
46 1
47 1
47 1
48 1
48 1
48 1
48 1
48 1
49 1
50 1
50 1
51 1
51 1
51 1
52 1
53 1
54 1
54 1
54 1
55 1
55 1
56 1
56 1
59 1
59 1
59 1
59 1
61 1
61 1
62 1
62 1
63 1
64 1
65 1
65 1
66 1
66 1
66 1
67 1
67 1
67 1
68 1
68 1
69 1
69 1
69 1
69 1
70 1
70 1
71 1
73 1
73 1
73 1
73 1
73 1
73 1
74 1
74 1
75 1
75 1
76 1
76 1
76 1
76 1
76 1
76 1
76 1
77 1
77 1
77 1
78 1
78 1
78 1
78 1
80 1
80 1
80 1
80 1
81 1
81 1
81 1
82 1
82 1
82 1
82 1
82 1
82 1
84 1
84 1
85 1
85 1
85 1
85 1
86 1
86 1
86 1
87 1
88 1
88 1
89 1
89 1
89 1
90 1
90 1
90 1
91 1
91 1
93 1
94 1
95 1
95 1
96 1
96 1
97 1
97 1
97 1
101 1
103 1
103 1
104 1
104 1
107 1
107 1
108 1
108 1
111 1
114 1
115 1
116 1
116 1
116 1
119 1
122 1
122 1
127 1
127 1
129 1
131 1
133 1
136 1
138 1
142 1
145 1
148 1
149 1
150 1
151 1
153 1
155 1
156 1
160 1
170 1
170 1
172 1
173 1
178 1
180 1
185 1
185 1
187 1
190 1
193 1
194 1
196 1
196 1
197 1
209 1
224 1
224 1
226 1
234 1
236 1
236 1
236 1
247 1
247 1
252 1
254 1
273 1
283 1
287 1
288 1
292 1
294 1
295 1
296 1
299 1
300 1
310 1
312 1
316 1
321 1
322 1
327 1
332 1
335 1
335 1
338 1
343 1
349 1
361 1
363 1
368 1
370 1
371 1
378 1
393 1
395 1
405 1
405 1
411 1
415 1
429 1
431 1
444 1
445 1
446 1
451 1
483 2
507 1
513 1
514 1
516 1
518 1
521 1
531 1
536 1
536 1
541 1
560 1
567 1
575 1
578 1
596 1
600 1
614 1
621 1
622 1
624 1
630 1
631 1
638 1
641 1
646 1
677 1
683 1
689 1
693 1
712 1
720 1
724 1
726 1
739 1
745 1
747 1
753 1
755 1
777 1
784 1
794 1
808 1
818 1
818 1
824 1
825 1
842 1
842 1
853 1
854 1
877 1
883 1
893 1
903 1
914 1
916 1
917 1
926 1
931 1
936 1
942 1
946 1
960 1
966 1
973 1
976 1
976 1
980 1
982 1
988 1
992 1
994 1
994 1
999 1
1011 1
1014 1
1025 1
1027 1
1056 1
1073 1
1100 1
1135 1
1160 1
1166 1
1166 1
1211 1
1212 1
1220 1
1237 1
1240 1
1291 1
1302 1
1319 1
1319 1
1326 1
1329 1
1343 1
1349 1
1372 1
1380 1
1415 1
1492 1
1538 1
1553 1
1560 1
1575 1
1586 1
1596 1
1600 1
1682 1
1709 1
1761 1
1864 1
1882 1
1887 1
1939 1
1951 1
1960 1
1970 1
1985 1
1994 1
2017 1
2040 1
2136 1
2214 1
2230 1
2297 1
2304 1
2319 1
2322 1
2383 1
2425 1
2454 1
2525 2
2533 1
2540 1
2564 1
2570 1
2577 1
2591 1
2636 1
2648 1
2744 1
2766 1
2771 1
2793 1
2847 1
2855 1
2889 1
2910 1
2966 1
2967 1
2974 1
2982 1
2993 1
2995 1
3004 1
3009 1
3012 1
3050 1
3066 1
3071 1
3164 1
3177 1
3324 1
3451 1
3536 1
3562 1
3624 1
3667 1
3672 1
3677 1
3737 1
3751 1
3759 1
3937 1
3945 1
3995 1
4123 1
4169 1
4212 1
4212 1
4214 1
4237 1
4246 1
4253 1
4478 1
4479 1
4489 1
4497 1
4598 1
4615 1
4818 1
4944 1
4983 1
4983 1
4986 1
5060 1
5088 1
5115 1
5120 1
5170 1
5177 1
5192 1
5257 1
5374 1
5375 1
5476 1
5497 1
5579 1
5597 1
5601 1
5609 1
5873 1
5953 1
5994 1
6131 1
6196 1
6238 1
6293 1
6309 1
6563 1
6621 1
6629 1
6636 1
6693 1
6754 1
7066 1
7077 1
7418 1
7474 1
7958 1
8036 1
8176 1
8309 1
8347 1
8527 1
8538 1
8612 1
8724 1
8735 1
8746 1
9220 1
9564 1
9745 1
9762 1
9918 1
10024 1
10091 1
10246 1
10369 1
10634 1
10733 1
10911 1
11049 1
11260 1
11288 1
11333 1
11508 1
11836 1
12020 1
12140 1
12226 1
12289 1
12452 1
12609 1
12628 1
12651 2
12678 1
12702 1
12734 1
12768 1
12805 1
12866 1
12886 1
12970 1
13058 1
13224 1
13291 1
13367 1
13367 1
13562 1
13777 1
13907 1
14886 1
15051 1
15099 1
15168 1
15595 1
15991 1
15994 2
16179 1
16244 1
16325 1
16472 1
16510 1
16607 1
17679 1
17796 1
18407 1
18408 1
18421 1
19013 1
19387 1
19755 1
20233 1
21002 1
21020 1
21694 1
21702 1
22596 1
22705 1
24046 1
24459 1
24922 1
25729 1
25864 1
26484 1
27934 1
28441 1
28860 1
29840 1
29875 1
30864 1
31008 1
32687 1
35558 1
36294 1
37840 1
38353 1
38868 1
39243 1
41381 1
43513 1
44013 1
44422 1
45027 1
45591 1
45944 1
45997 1
46375 1
48298 1
49082 1
52120 1
55672 1
57183 1
61313 1
61988 1
63921 1
70018 1
78013 1
79922 1
87104 1
104962 1
120635 1
120692 1
125667 1
153648 1
161076 1
187039 1
208475 1
223467 1
224752 1
342117 1
390747 1
560715 1
3235811 1
11302304 1
