196
0 1
2 1
5 1
18 1
33 1
36 1
40 1
43 1
44 1
44 1
45 1
50 1
55 1
55 1
58 1
60 1
66 1
67 1
69 1
69 1
70 1
71 1
74 1
74 1
75 1
78 1
79 1
83 1
84 1
85 1
88 1
91 1
93 1
101 1
106 1
124 1
130 1
139 1
141 1
157 1
170 1
218 1
219 1
223 1
228 1
277 1
367 1
368 1
388 1
389 1
390 1
401 1
413 1
416 1
426 1
453 1
454 1
457 1
464 1
478 1
495 1
508 1
523 1
526 1
535 1
547 1
553 1
626 1
642 1
650 1
689 1
738 1
773 1
798 1
805 1
815 1
838 1
849 1
866 1
876 1
937 1
992 1
1006 1
1169 1
1222 1
1239 1
1586 1
1723 1
1777 1
1859 1
1862 1
1866 1
2009 1
2023 1
2694 1
2776 1
2936 1
3009 1
3473 1
3484 1
3545 1
3580 1
3870 1
3877 1
4109 1
4434 1
4636 1
4775 1
5166 1
6423 1
7055 1
7431 1
8594 1
8603 1
8748 1
9598 1
9891 1
10162 1
10337 1
11141 1
11415 1
11678 1
12833 1
14089 1
14842 1
16112 1
16335 1
16740 1
16839 1
19084 1
19732 1
20701 1
21024 1
23338 1
24449 1
24738 1
25121 1
25430 1
28774 1
31985 1
32439 1
33059 1
33821 1
36021 1
39240 1
39839 1
42736 1
43862 1
44648 1
52149 1
57708 2
60042 1
60431 1
67787 1
68230 1
75528 1
76306 1
76781 1
77361 1
79801 1
99804 1
121081 1
138928 1
171793 1
177474 1
190585 1
198020 1
208132 1
251266 1
271911 1
320255 1
374582 1
390229 1
438860 1
501788 1
505822 1
507437 1
654235 1
679090 1
689024 1
748005 1
749960 1
797202 1
889480 1
939790 1
1038584 1
1467939 1
1505099 1
2100920 1
2134678 1
2439702 1
2476998 1
2485507 1
2701727 1
2880575 1
2887778 1
