211
-931438643 1
-840662076 1
-805094885 1
-796680187 1
-747658218 1
-726974033 1
-601710900 1
-518457128 1
-344815428 1
-310488619 1
-123860339 1
-87189086 1
-40365146 1
0 1
3194 1
9747 1
10430 1
13313 1
14768 1
15467 1
17519 1
18365 1
18899 1
18949 1
19836 1
20006 1
20845 1
22444 1
27378 1
27853 1
30348 1
32994 1
33345 1
33925 1
34462 1
34609 1
35217 1
35840 1
35853 1
37264 1
37989 1
42520 1
43162 1
44397 1
45047 1
46025 1
46824 1
47196 1
54448 1
55846 1
56385 1
57650 1
71570 1
74783 1
83111 1
86994 1
90255 1
128779 1
134538 1
142095 1
149256 1
191786 1
208246 1
283456 1
289361 1
291409 1
302990 1
309663 1
332292 1
335183 1
361397 1
367520 1
371656 1
377209 1
380190 1
383729 1
390893 1
398671 1
401619 1
401764 1
411074 1
434547 1
550136 1
592149 1
646978 1
664561 1
878069 1
912668 1
916357 1
923349 1
926010 1
935831 1
938761 1
953713 1
983402 1
986123 1
1038947 1
1068624 1
1076898 1
1115959 1
1132642 1
1144001 1
1170871 1
1208453 1
1249660 1
1342053 1
1343744 1
1567283 1
1605570 1
1628468 1
1714284 1
1730228 1
1754072 1
1758979 1
1863733 1
1932919 1
2263226 1
2395714 1
2882756 1
3230457 1
4805241 1
4974333 1
5480323 1
5590235 1
6601429 1
7051013 1
7784980 1
9669044 1
10817255 1
10953171 1
11727022 1
12553572 1
12683158 1
12782986 1
12873078 1
12919935 1
13591152 1
13827178 1
14128107 1
14323888 1
14957287 1
15578902 1
16088957 1
16691426 1
16704577 1
16858023 1
17778089 1
18329663 1
18703054 1
20622196 1
21043073 1
22017597 1
22080164 1
24758713 1
25164763 1
27006459 1
27211512 1
27262377 1
28006874 1
28131247 1
28256195 1
29137026 1
32904401 1
33195822 1
34835412 1
34949679 1
36042647 1
36716797 1
43102867 1
47714320 1
47927759 1
48194330 1
48316734 1
48753398 1
50435859 1
52868020 1
53621463 1
54458499 1
55938823 1
58928308 1
61709105 1
62205435 1
68712737 1
75304325 1
82259694 1
82281508 1
85539215 1
86106526 1
98786774 1
99190858 1
100076915 1
110041034 1
110770601 1
135358065 1
139365105 1
144341439 1
150808402 1
163090879 1
177521304 1
221590447 1
237775623 1
249423897 1
266971357 1
293445887 1
298232047 1
326519848 1
352167878 1
368860634 1
396381514 1
499588834 1
551420907 1
